Roll: 101, Name: Pawan Joshi, Time: 2024-11-08 09:30:15, Location: (28.644800, 77.216721), Status: Present
Roll: 102, Name: Anushka Goel, Time: 2024-11-08 09:32:22, Location: (28.644801, 77.216722), Status: Present
