Roll: 103, Name: Jasmine Mahajan, Time: 2024-11-07 09:35:10, Location: (28.644799, 77.216720), Status: Present
Roll: 104, Name: Aaditya Uniyal, Time: 2024-11-07 09:31:18, Location: (28.644802, 77.216723), Status: Present
