Roll: 101, Name: Pawan Joshi, Time: 2025-10-28 13:50:03, Location: (1.000000, 1.000000), Status: Present
Roll: 103, Name: Jasmine Mahajan, Time: 2025-10-28 13:50:56, Location: (1.000000, 1.000000), Status: Present
