Roll: 101, Name: Pawan Joshi, Time: 2025-10-19 19:47:25, Location: (0.000000, 0.000000), Status: Present
Roll: 102, Name: Anushka Goel, Time: 2025-10-19 19:48:59, Location: (0.000000, 0.000000), Status: Present
